76240 1361 1605140
85424 1321 1605140
114928 1401 3178004
85424 1345 3178004
69104 1109 949268
96400 1021 949268
85424 1089 9206804
96400 981 9206804
112368 1017 9206804
114928 1345 3701780
85424 1289 3701780
114928 1145 6847508
96400 1021 13138964
112368 1057 13138964
76240 1049 13138964
112368 1257 2152234004
114928 1129 2152234004
155408 1257 2152234004
62848 1567 1081108
92400 1549 1081108
96000 1399 522260
96400 1169 34043924
96000 1195 34043924
111904 1191 34043924
85424 1045 25589780
112368 973 25589780
96000 1095 50755604
111904 1091 50755604
69104 1081 50755604
111904 1263 554072084
112368 1165 554072084
141504 1087 554072084
114928 1433 3962900
85424 1377 3962900
114928 1233 7108628
96400 1109 13400084
112368 1145 13400084
112368 1345 2152495124
114928 1217 2152495124
155408 1345 2152495124
67552 1319 818708
45056 1495 818452
114928 1237 14972948
112368 1349 2160359444
114928 1221 2160359444
155408 1349 2160359444
67552 1227 13400084
38032 1117 13400084
96000 1055 59013140
111904 1051 59013140
69104 1041 59013140
111904 1223 562329620
112368 1125 562329620
141504 1047 562329620
69104 1057 25589780
111904 1175 1619294228
141504 999 1619294228
96400 1161 1619294228
114928 1085 3229906964
155408 1213 3229906964
85424 1277 3229906964
155408 1209 35442161684
67552 1431 32660
76240 1285 556436
67552 1375 556436
85424 1245 556436
62848 1775 1080212
92400 1757 1080212
62848 1731 32660
96400 1521 100921364
111904 1543 100921364
141344 1967 201584660
111904 1571 201584660
85424 1241 58945556
112368 1169 58945556
76240 1161 58945556
111904 1459 587427860
112368 1361 587427860
141504 1283 587427860
141344 1763 235106324
111904 1367 235106324
141344 1747 436432916
112368 1397 839086100
141504 1319 839086100
96400 1481 839086100
141504 1375 137741168660
114928 1461 4091924
85424 1405 4091924
114928 1261 7237652
96400 1137 13529108
112368 1173 13529108
112368 1373 2152624148
114928 1245 2152624148
155408 1373 2152624148
67552 1347 947732
22080 1179 949268
45056 1523 947476
114928 1265 15101972
112368 1377 2160488468
114928 1249 2160488468
155408 1377 2160488468
67552 1255 13529108
38032 1145 13529108
96000 1083 59142164
111904 1079 59142164
69104 1069 59142164
111904 1251 562458644
112368 1153 562458644
141504 1075 562458644
111904 1203 1619423252
141504 1027 1619423252
96400 1189 1619423252
114928 1113 3230035988
155408 1241 3230035988
85424 1305 3230035988
155408 1237 35442290708
67552 1375 425492
67552 1319 949268
85424 1189 949268
45056 1551 425236
38032 1409 424340
45056 1759 424340
114928 1241 31617044
112368 1353 2177003540
114928 1225 2177003540
155408 1353 2177003540
76240 1141 30044180
67552 1231 30044180
38032 1121 30044180
111904 1179 1635938324
141504 1003 1635938324
114928 1089 3246551060
155408 1217 3246551060
85424 1281 3246551060
155408 1213 35458805780
67552 1191 26112020
85424 1061 26112020
38032 1081 26112020
38032 1109 25589780
22080 1127 25589780
141344 1663 251818004
111904 1267 251818004
141344 1647 453144596
112368 1297 855797780
141504 1219 855797780
141504 1275 137757880340
96000 1419 50589716
141344 1819 956461076
141504 1447 138261196820
96000 1407 855797780
69104 1393 855797780
114928 1281 3775033364
155408 1409 3775033364
85424 1473 3775033364
155408 1405 35987288084
85424 1273 1635938324
76240 1193 1635938324
155408 1417 103633022996
112368 1297 103633022996
67552 1443 32468
76240 1297 556244
67552 1387 556244
85424 1257 556244
45056 1619 32212
69104 1369 424148
96400 1281 424148
67552 1475 817364
85424 1345 817364
38032 1365 817364
85424 1349 8681684
96400 1241 8681684
112368 1277 8681684
67552 1627 30676
76240 1509 32212
76240 1481 554452
67552 1571 554452
85424 1441 554452
62848 1971 1078228
92400 1953 1078228
46864 1917 30676
62848 1927 30676
85424 1333 125952020
112368 1261 125952020
76240 1253 125952020
111904 1551 654434324
112368 1453 654434324
141504 1375 654434324
76240 1293 117694484
46768 1397 117694484
141344 1839 503439380
112368 1489 906092564
141504 1411 906092564
96400 1573 906092564
141504 1467 137808175124
141664 1943 206359879700
127984 1769 206359879700
127984 1957 137908838420
96224 1875 137908838420
112368 1517 1006755860
141504 1439 1006755860
96400 1601 1006755860
141504 1495 137908838420
96400 1429 503439380
114928 1413 4153364
85424 1357 4153364
114928 1213 7299092
96400 1089 13590548
112368 1125 13590548
112368 1325 2152685588
114928 1197 2152685588
155408 1325 2152685588
67552 1299 1009172
46768 1073 1010708
22080 1131 1010708
45056 1475 1008916
114928 1217 15163412
112368 1329 2160549908
114928 1201 2160549908
155408 1329 2160549908
67552 1207 13590548
38032 1097 13590548
96000 1035 59203604
111904 1031 59203604
111904 1203 562520084
112368 1105 562520084
141504 1027 562520084
111904 1155 1619484692
141504 979 1619484692
96400 1141 1619484692
114928 1065 3230097428
155408 1193 3230097428
85424 1257 3230097428
155408 1189 35442352148
67552 1327 486932
67552 1271 1010708
85424 1141 1010708
45056 1503 486676
22080 1275 489556
38032 1361 485780
45056 1711 485780
114928 1193 31678484
112368 1305 2177064980
114928 1177 2177064980
155408 1305 2177064980
76240 1093 30105620
67552 1183 30105620
38032 1073 30105620
111904 1131 1635999764
141504 955 1635999764
114928 1041 3246612500
155408 1169 3246612500
85424 1233 3246612500
155408 1165 35458867220
67552 1143 26173460
85424 1013 26173460
38032 1033 26173460
38032 1061 25651220
46768 1021 25651220
22080 1079 25651220
141344 1615 251879444
111904 1219 251879444
141344 1599 453206036
112368 1249 855859220
141504 1171 855859220
141504 1227 137757941780
141344 1771 956522516
141504 1399 138261258260
96000 1359 855859220
114928 1233 3775094804
155408 1361 3775094804
85424 1425 3775094804
155408 1357 35987349524
85424 1225 1635999764
76240 1145 1635999764
155408 1369 103633084436
112368 1249 103633084436
67552 1323 228884
76240 1177 752660
67552 1267 752660
85424 1137 752660
45056 1499 228628
67552 1355 1013780
85424 1225 1013780
38032 1245 1013780
85424 1229 8878100
96400 1121 8878100
112368 1157 8878100
38032 1357 227732
45056 1707 227732
38032 1369 227540
76240 1437 227540
38032 1553 225748
45056 1903 225748
114928 1177 65101844
112368 1289 2210488340
114928 1161 2210488340
155408 1289 2210488340
76240 1077 63528980
67552 1167 63528980
38032 1057 63528980
111904 1115 1669423124
141504 939 1669423124
114928 1025 3280035860
155408 1153 3280035860
85424 1217 3280035860
155408 1149 35492290580
46768 1033 59203604
67552 1127 59596820
85424 997 59596820
38032 1017 59596820
38032 1045 59074580
46768 1005 59074580
22080 1063 59074580
141344 1755 989945876
141504 1383 138294681620
114928 1217 3808518164
155408 1345 3808518164
85424 1409 3808518164
155408 1341 36020772884
85424 1209 1669423124
76240 1129 1669423124
155408 1353 103666507796
112368 1233 103666507796
67552 1167 51339284
85424 1037 51339284
38032 1057 51339284
85424 1041 59203604
112368 969 59203604
38032 1085 50817044
46768 1045 50817044
22080 1103 50817044
38032 1081 50558996
76240 1149 50558996
22080 1099 50558996
22080 1295 50557012
141664 1739 206393401364
127984 1565 206393401364
127984 1753 137942360084
112368 1313 1040277524
141504 1235 1040277524
96400 1397 1040277524
141504 1291 137942360084
141664 1723 206594727956
127984 1549 206594727956
114928 1253 4060176404
155408 1381 4060176404
85424 1445 4060176404
155408 1377 36272431124
85424 1245 1921081364
96400 1137 1921081364
76240 1165 1921081364
155408 1389 103918166036
112368 1269 103918166036
85424 1293 864116756
112368 1221 864116756
76240 1213 864116756
76240 1253 855859220
46768 1357 855859220
155408 1445 240820248596
112368 1325 240820248596
112368 1145 206997381140
96400 1229 206997381140
67552 1407 32372
76240 1261 556148
67552 1351 556148
85424 1221 556148
45056 1583 32116
69104 1333 424052
96400 1245 424052
67552 1439 817268
85424 1309 817268
38032 1329 817268
85424 1313 8681588
96400 1205 8681588
112368 1241 8681588
38032 1441 31220
45056 1791 31220
96000 1671 258164
96400 1441 33779828
96000 1467 33779828
111904 1463 33779828
67552 1467 946292
85424 1337 946292
38032 1357 946292
85424 1341 8810612
96400 1233 8810612
112368 1269 8810612
38032 1385 424052
22080 1403 424052
85424 1317 25325684
112368 1245 25325684
76240 1237 25325684
96000 1367 50491508
111904 1363 50491508
69104 1353 50491508
111904 1535 553807988
112368 1437 553807988
141504 1359 553807988
67552 1535 28404
76240 1389 552180
67552 1479 552180
85424 1349 552180
45056 1711 28148
69104 1457 162036
76240 1365 162036
96400 1369 162036
69104 1461 420084
96400 1373 420084
46768 1473 420084
67552 1567 813300
85424 1437 813300
38032 1457 813300
85424 1441 8677620
96400 1333 8677620
112368 1369 8677620
67552 1719 26612
46768 1493 28148
76240 1601 28148
76240 1573 550388
67552 1663 550388
85424 1533 550388
62848 2063 1074164
92400 2045 1074164
46864 2009 26612
62848 2019 26612
114928 1357 132169748
112368 1469 2277556244
114928 1341 2277556244
155408 1469 2277556244
76240 1257 130596884
67552 1347 130596884
38032 1237 130596884
111904 1295 1736491028
141504 1119 1736491028
114928 1205 3347103764
155408 1333 3347103764
85424 1397 3347103764
155408 1329 35559358484
69104 1201 126271508
46768 1213 126271508
67552 1307 126664724
85424 1177 126664724
38032 1197 126664724
38032 1225 126142484
46768 1185 126142484
22080 1243 126142484
141344 1935 1057013780
141504 1563 138361749524
114928 1397 3875586068
155408 1525 3875586068
85424 1589 3875586068
155408 1521 36087840788
85424 1389 1736491028
76240 1309 1736491028
155408 1533 103733575700
112368 1413 103733575700
46768 1493 117694484
8192 1479 117694484
67552 1347 118407188
85424 1217 118407188
38032 1237 118407188
85424 1221 126271508
112368 1149 126271508
38032 1265 117884948
46768 1225 117884948
22080 1283 117884948
38032 1261 117626900
76240 1329 117626900
22080 1279 117626900
69104 1505 117633044
8192 1527 117633044
22080 1475 117624916
141664 1903 206661795860
127984 1729 206661795860
114928 1433 4127244308
155408 1561 4127244308
85424 1625 4127244308
155408 1557 36339499028
85424 1425 1988149268
96400 1317 1988149268
76240 1345 1988149268
155408 1569 103985233940
112368 1449 103985233940
85424 1473 931184660
112368 1401 931184660
76240 1393 931184660
69104 1525 922927124
76240 1433 922927124
46768 1537 922927124
155408 1625 240887316500
112368 1505 240887316500
112368 1325 207064449044
96400 1409 207064449044
67552 1447 101695508
85424 1317 101695508
38032 1337 101695508
85424 1321 109559828
96400 1213 109559828
112368 1249 109559828
38032 1365 101173268
46768 1325 101173268
22080 1383 101173268
85424 1297 126074900
112368 1225 126074900
76240 1217 126074900
111904 1515 654557204
112368 1417 654557204
141504 1339 654557204
38032 1361 100915220
76240 1429 100915220
22080 1379 100915220
8192 1627 100921364
22080 1575 100913236
38032 1417 100792340
76240 1485 100792340
22080 1435 100792340
76240 1513 100921364
96400 1517 100921364
22080 1631 100790356
46768 1653 100786292
22080 1723 100786292
155552 1931 257899413524
128368 2073 257899413524
127984 1885 241793286164
128368 1953 241793286164
101008 1849 241793286164
96224 1819 207165112340
128368 1773 207970418708
141664 1711 207970418708
101008 1669 207970418708
101008 1717 206913454100
96224 1783 206913454100
76080 1753 206913454100
128368 1961 139519377428
141664 1899 139519377428
101008 1857 139519377428
141664 1911 207165112340
101008 1905 138462412820
96224 1971 138462412820
76080 1941 138462412820
101008 1733 137959096340
127984 1889 137959096340
76080 1769 137959096340
76080 1869 137942384660
39728 1885 137942384660
114928 1461 4227907604
155408 1589 4227907604
85424 1653 4227907604
155408 1585 36440162324
85424 1453 2088812564
96400 1345 2088812564
76240 1373 2088812564
155408 1597 104085897236
112368 1477 104085897236
85424 1501 1031847956
112368 1429 1031847956
76240 1421 1031847956
69104 1537 1057013780
69104 1553 1023590420
76240 1461 1023590420
46768 1565 1023590420
155408 1653 240987979796
112368 1533 240987979796
112368 1353 207165112340
96400 1437 207165112340
85424 1329 528531476
112368 1257 528531476
76240 1249 528531476
112368 1449 1057013780
141504 1371 1057013780
69104 1381 520273940
76240 1289 520273940
46768 1393 520273940
76240 1389 503562260
96400 1393 503562260
46768 1493 503562260
46768 1549 503439380
8192 1535 503439380
114928 1657 4177940
85424 1601 4177940
114928 1457 7323668
96400 1333 13615124
112368 1369 13615124
112368 1569 2152710164
114928 1441 2152710164
155408 1569 2152710164
67552 1543 1033748
46768 1317 1035284
22080 1375 1035284
45056 1719 1033492
114928 1461 15187988
112368 1573 2160574484
114928 1445 2160574484
155408 1573 2160574484
67552 1451 13615124
38032 1341 13615124
96000 1279 59228180
111904 1275 59228180
111904 1447 562544660
112368 1349 562544660
141504 1271 562544660
111904 1399 1619509268
141504 1223 1619509268
96400 1385 1619509268
114928 1309 3230122004
155408 1437 3230122004
85424 1501 3230122004
155408 1433 35442376724
67552 1571 511508
67552 1515 1035284
85424 1385 1035284
45056 1747 511252
8192 1571 522260
22080 1519 514132
38032 1605 510356
45056 1955 510356
114928 1437 31703060
112368 1549 2177089556
114928 1421 2177089556
155408 1549 2177089556
76240 1337 30130196
67552 1427 30130196
38032 1317 30130196
111904 1375 1636024340
141504 1199 1636024340
114928 1285 3246637076
155408 1413 3246637076
85424 1477 3246637076
155408 1409 35458891796
67552 1387 26198036
85424 1257 26198036
38032 1277 26198036
38032 1305 25675796
46768 1265 25675796
22080 1323 25675796
141344 1859 251904020
111904 1463 251904020
141344 1843 453230612
112368 1493 855883796
141504 1415 855883796
141504 1471 137757966356
141344 2015 956547092
141504 1643 138261282836
96000 1603 855883796
114928 1477 3775119380
155408 1605 3775119380
85424 1669 3775119380
155408 1601 35987374100
85424 1469 1636024340
76240 1389 1636024340
155408 1613 103633109012
112368 1493 103633109012
67552 1567 253460
76240 1421 777236
67552 1511 777236
85424 1381 777236
45056 1743 253204
67552 1599 1038356
85424 1469 1038356
38032 1489 1038356
85424 1473 8902676
96400 1365 8902676
112368 1401 8902676
38032 1601 252308
45056 1951 252308
22080 1927 258164
38032 1613 252116
76240 1681 252116
38032 1797 250324
45056 2147 250324
114928 1421 65126420
112368 1533 2210512916
114928 1405 2210512916
155408 1533 2210512916
76240 1321 63553556
67552 1411 63553556
38032 1301 63553556
111904 1359 1669447700
141504 1183 1669447700
114928 1269 3280060436
155408 1397 3280060436
85424 1461 3280060436
155408 1393 35492315156
46768 1277 59228180
67552 1371 59621396
85424 1241 59621396
38032 1261 59621396
38032 1289 59099156
46768 1249 59099156
22080 1307 59099156
141344 1999 989970452
141504 1627 138294706196
114928 1461 3808542740
155408 1589 3808542740
85424 1653 3808542740
155408 1585 36020797460
85424 1453 1669447700
76240 1373 1669447700
155408 1597 103666532372
112368 1477 103666532372
67552 1411 51363860
85424 1281 51363860
38032 1301 51363860
85424 1285 59228180
112368 1213 59228180
38032 1329 50841620
46768 1289 50841620
22080 1347 50841620
38032 1325 50583572
76240 1393 50583572
22080 1343 50583572
8192 1591 50589716
22080 1539 50581588
141664 1983 206393425940
127984 1809 206393425940
127984 1997 137942384660
112368 1557 1040302100
141504 1479 1040302100
96400 1641 1040302100
141504 1535 137942384660
141664 1967 206594752532
127984 1793 206594752532
114928 1497 4060200980
155408 1625 4060200980
85424 1689 4060200980
155408 1621 36272455700
85424 1489 1921105940
96400 1381 1921105940
76240 1409 1921105940
155408 1633 103918190612
112368 1513 103918190612
85424 1537 864141332
112368 1465 864141332
76240 1457 864141332
76240 1497 855883796
46768 1601 855883796
155408 1689 240820273172
112368 1569 240820273172
112368 1389 206997405716
96400 1473 206997405716
67552 1623 130580
76240 1477 654356
67552 1567 654356
85424 1437 654356
45056 1799 130324
96400 1461 522260
67552 1655 915476
85424 1525 915476
38032 1545 915476
85424 1529 8779796
96400 1421 8779796
112368 1457 8779796
38032 1657 129428
45056 2007 129428
67552 1683 1044500
85424 1553 1044500
38032 1573 1044500
85424 1557 8908820
96400 1449 8908820
112368 1485 8908820
38032 1601 522260
22080 1619 522260
85424 1533 25423892
112368 1461 25423892
76240 1453 25423892
96000 1583 50589716
111904 1579 50589716
111904 1751 553906196
112368 1653 553906196
141504 1575 553906196
38032 1669 129236
76240 1737 129236
38032 1853 127444
45056 2203 127444
38032 1633 129140
76240 1701 129140
22080 1651 129140
76240 1729 258164
96400 1733 258164
38032 1761 125172
46768 1721 125172
76240 1829 125172
38032 1945 123380
45056 2295 123380
76240 1553 1588788
85424 1513 1588788
114928 1593 3161652
85424 1537 3161652
69104 1301 932916
96400 1213 932916
85424 1281 9190452
96400 1173 9190452
112368 1209 9190452
114928 1537 3685428
85424 1481 3685428
114928 1337 6831156
96400 1213 13122612
112368 1249 13122612
76240 1241 13122612
112368 1449 2152217652
114928 1321 2152217652
155408 1449 2152217652
62848 1759 1064756
92400 1741 1064756
96000 1591 505908
96400 1361 34027572
96000 1387 34027572
111904 1383 34027572
85424 1237 25573428
112368 1165 25573428
96000 1287 50739252
111904 1283 50739252
69104 1273 50739252
111904 1455 554055732
112368 1357 554055732
141504 1279 554055732
114928 1625 3946548
85424 1569 3946548
114928 1425 7092276
96400 1301 13383732
112368 1337 13383732
112368 1537 2152478772
114928 1409 2152478772
155408 1537 2152478772
67552 1511 802356
45056 1687 802100
114928 1429 14956596
112368 1541 2160343092
114928 1413 2160343092
155408 1541 2160343092
67552 1419 13383732
38032 1309 13383732
96000 1247 58996788
111904 1243 58996788
69104 1233 58996788
111904 1415 562313268
112368 1317 562313268
141504 1239 562313268
69104 1249 25573428
111904 1367 1619277876
141504 1191 1619277876
96400 1353 1619277876
114928 1277 3229890612
155408 1405 3229890612
85424 1469 3229890612
155408 1401 35442145332
67552 1623 16308
76240 1477 540084
67552 1567 540084
85424 1437 540084
62848 1967 1063860
92400 1949 1063860
62848 1923 16308
96400 1713 100905012
111904 1735 100905012
141344 2159 201568308
111904 1763 201568308
85424 1433 58929204
112368 1361 58929204
76240 1353 58929204
111904 1651 587411508
112368 1553 587411508
141504 1475 587411508
141344 1955 235089972
111904 1559 235089972
141344 1939 436416564
112368 1589 839069748
141504 1511 839069748
96400 1673 839069748
141504 1567 137741152308
114928 1653 4075572
85424 1597 4075572
114928 1453 7221300
96400 1329 13512756
112368 1365 13512756
112368 1565 2152607796
114928 1437 2152607796
155408 1565 2152607796
67552 1539 931380
22080 1371 932916
45056 1715 931124
114928 1457 15085620
112368 1569 2160472116
114928 1441 2160472116
155408 1569 2160472116
67552 1447 13512756
38032 1337 13512756
96000 1275 59125812
111904 1271 59125812
69104 1261 59125812
111904 1443 562442292
112368 1345 562442292
141504 1267 562442292
111904 1395 1619406900
141504 1219 1619406900
96400 1381 1619406900
114928 1305 3230019636
155408 1433 3230019636
85424 1497 3230019636
155408 1429 35442274356
67552 1567 409140
67552 1511 932916
85424 1381 932916
45056 1743 408884
38032 1601 407988
45056 1951 407988
114928 1433 31600692
112368 1545 2176987188
114928 1417 2176987188
155408 1545 2176987188
76240 1333 30027828
67552 1423 30027828
38032 1313 30027828
111904 1371 1635921972
141504 1195 1635921972
114928 1281 3246534708
155408 1409 3246534708
85424 1473 3246534708
155408 1405 35458789428
67552 1383 26095668
85424 1253 26095668
38032 1273 26095668
38032 1301 25573428
22080 1319 25573428
141344 1855 251801652
111904 1459 251801652
141344 1839 453128244
112368 1489 855781428
141504 1411 855781428
141504 1467 137757863988
96000 1611 50573364
141344 2011 956444724
141504 1639 138261180468
96000 1599 855781428
69104 1585 855781428
114928 1473 3775017012
155408 1601 3775017012
85424 1665 3775017012
155408 1597 35987271732
85424 1465 1635921972
76240 1385 1635921972
155408 1609 103633006644
112368 1489 103633006644
67552 1635 16116
76240 1489 539892
67552 1579 539892
85424 1449 539892
45056 1811 15860
69104 1561 407796
96400 1473 407796
67552 1667 801012
85424 1537 801012
38032 1557 801012
85424 1541 8665332
96400 1433 8665332
112368 1469 8665332
67552 1819 14324
76240 1701 15860
76240 1673 538100
67552 1763 538100
85424 1633 538100
62848 2163 1061876
92400 2145 1061876
46864 2109 14324
62848 2119 14324
85424 1437 125886516
112368 1365 125886516
76240 1357 125886516
111904 1655 654368820
112368 1557 654368820
141504 1479 654368820
69104 1489 117628980
76240 1397 117628980
46768 1501 117628980
141344 1943 503373876
112368 1593 906027060
141504 1515 906027060
96400 1677 906027060
141504 1571 137808109620
76240 1497 100917300
96400 1501 100917300
46768 1601 100917300
141664 2047 206359814196
127984 1873 206359814196
127984 2061 137908772916
96224 1979 137908772916
112368 1621 1006690356
141504 1543 1006690356
96400 1705 1006690356
141504 1599 137908772916
96400 1533 503373876
69104 1545 503373876
67552 1667 1040436
85424 1537 1040436
38032 1557 1040436
85424 1541 8904756
96400 1433 8904756
112368 1469 8904756
38032 1585 518196
46768 1545 518196
22080 1603 518196
85424 1517 25419828
112368 1445 25419828
76240 1437 25419828
96000 1567 50585652
111904 1563 50585652
111904 1735 553902132
112368 1637 553902132
141504 1559 553902132
38032 1581 260148
76240 1649 260148
22080 1599 260148
22080 1795 258164
85424 1501 58843188
112368 1429 58843188
76240 1421 58843188
111904 1719 587325492
112368 1621 587325492
141504 1543 587325492
76240 1461 50585652
46768 1565 50585652
141344 2023 235003956
111904 1627 235003956
141344 2007 436330548
112368 1657 838983732
141504 1579 838983732
96400 1741 838983732
141504 1635 137741066292
85424 1525 125935668
112368 1453 125935668
76240 1445 125935668
111904 1743 654417972
112368 1645 654417972
141504 1567 654417972
76240 1485 117678132
46768 1589 117678132
141344 2031 503423028
112368 1681 906076212
141504 1603 906076212
96400 1765 906076212
141504 1659 137808158772
141664 2135 206359863348
127984 1961 206359863348
127984 2149 137908822068
96224 2067 137908822068
112368 1709 1006739508
141504 1631 1006739508
96400 1793 1006739508
141504 1687 137908822068
96400 1621 503423028
114928 1605 4137012
85424 1549 4137012
114928 1405 7282740
96400 1281 13574196
112368 1317 13574196
112368 1517 2152669236
114928 1389 2152669236
155408 1517 2152669236
67552 1491 992820
46768 1265 994356
22080 1323 994356
45056 1667 992564
114928 1409 15147060
112368 1521 2160533556
114928 1393 2160533556
155408 1521 2160533556
67552 1399 13574196
38032 1289 13574196
96000 1227 59187252
111904 1223 59187252
111904 1395 562503732
112368 1297 562503732
141504 1219 562503732
111904 1347 1619468340
141504 1171 1619468340
96400 1333 1619468340
114928 1257 3230081076
155408 1385 3230081076
85424 1449 3230081076
155408 1381 35442335796
67552 1519 470580
67552 1463 994356
85424 1333 994356
45056 1695 470324
22080 1467 473204
38032 1553 469428
45056 1903 469428
114928 1385 31662132
112368 1497 2177048628
114928 1369 2177048628
155408 1497 2177048628
76240 1285 30089268
67552 1375 30089268
38032 1265 30089268
111904 1323 1635983412
141504 1147 1635983412
114928 1233 3246596148
155408 1361 3246596148
85424 1425 3246596148
155408 1357 35458850868
67552 1335 26157108
85424 1205 26157108
38032 1225 26157108
38032 1253 25634868
46768 1213 25634868
22080 1271 25634868
141344 1807 251863092
111904 1411 251863092
141344 1791 453189684
112368 1441 855842868
141504 1363 855842868
141504 1419 137757925428
141344 1963 956506164
141504 1591 138261241908
96000 1551 855842868
114928 1425 3775078452
155408 1553 3775078452
85424 1617 3775078452
155408 1549 35987333172
85424 1417 1635983412
76240 1337 1635983412
155408 1561 103633068084
112368 1441 103633068084
67552 1515 212532
76240 1369 736308
67552 1459 736308
85424 1329 736308
45056 1691 212276
67552 1547 997428
85424 1417 997428
38032 1437 997428
85424 1421 8861748
96400 1313 8861748
112368 1349 8861748
38032 1549 211380
45056 1899 211380
38032 1561 211188
76240 1629 211188
38032 1745 209396
45056 2095 209396
114928 1369 65085492
112368 1481 2210471988
114928 1353 2210471988
155408 1481 2210471988
76240 1269 63512628
67552 1359 63512628
38032 1249 63512628
111904 1307 1669406772
141504 1131 1669406772
114928 1217 3280019508
155408 1345 3280019508
85424 1409 3280019508
155408 1341 35492274228
46768 1225 59187252
67552 1319 59580468
85424 1189 59580468
38032 1209 59580468
38032 1237 59058228
46768 1197 59058228
22080 1255 59058228
141344 1947 989929524
141504 1575 138294665268
114928 1409 3808501812
155408 1537 3808501812
85424 1601 3808501812
155408 1533 36020756532
85424 1401 1669406772
76240 1321 1669406772
155408 1545 103666491444
112368 1425 103666491444
67552 1359 51322932
85424 1229 51322932
38032 1249 51322932
85424 1233 59187252
112368 1161 59187252
38032 1277 50800692
46768 1237 50800692
22080 1295 50800692
38032 1273 50542644
76240 1341 50542644
22080 1291 50542644
22080 1487 50540660
141664 1931 206393385012
127984 1757 206393385012
127984 1945 137942343732
112368 1505 1040261172
141504 1427 1040261172
96400 1589 1040261172
141504 1483 137942343732
141664 1915 206594711604
127984 1741 206594711604
114928 1445 4060160052
155408 1573 4060160052
85424 1637 4060160052
155408 1569 36272414772
85424 1437 1921065012
96400 1329 1921065012
76240 1357 1921065012
155408 1581 103918149684
112368 1461 103918149684
85424 1485 864100404
112368 1413 864100404
76240 1405 864100404
76240 1445 855842868
46768 1549 855842868
155408 1637 240820232244
112368 1517 240820232244
112368 1337 206997364788
96400 1421 206997364788
76240 1537 1580660
85424 1497 1580660
114928 1577 3153524
85424 1521 3153524
69104 1285 924788
96400 1197 924788
85424 1265 9182324
96400 1157 9182324
112368 1193 9182324
114928 1521 3677300
85424 1465 3677300
114928 1321 6823028
96400 1197 13114484
112368 1233 13114484
76240 1225 13114484
112368 1433 2152209524
114928 1305 2152209524
155408 1433 2152209524
62848 1743 1056628
92400 1725 1056628
96000 1575 497780
96400 1345 34019444
96000 1371 34019444
111904 1367 34019444
35056 1401 473204
85424 1221 25565300
112368 1149 25565300
96000 1271 50731124
111904 1267 50731124
69104 1257 50731124
111904 1439 554047604
112368 1341 554047604
141504 1263 554047604
114928 1609 3938420
85424 1553 3938420
114928 1409 7084148
96400 1285 13375604
112368 1321 13375604
112368 1521 2152470644
114928 1393 2152470644
155408 1521 2152470644
67552 1495 794228
45056 1671 793972
114928 1413 14948468
112368 1525 2160334964
114928 1397 2160334964
155408 1525 2160334964
67552 1403 13375604
38032 1293 13375604
96000 1231 58988660
111904 1227 58988660
69104 1217 58988660
111904 1399 562305140
112368 1301 562305140
141504 1223 562305140
69104 1233 25565300
111904 1351 1619269748
141504 1175 1619269748
96400 1337 1619269748
114928 1261 3229882484
155408 1389 3229882484
85424 1453 3229882484
155408 1385 35442137204
67552 1607 8180
76240 1461 531956
67552 1551 531956
85424 1421 531956
62848 1951 1055732
92400 1933 1055732
62848 1907 8180
96400 1665 100724852
111904 1687 100724852
69104 1677 100724852
141344 2111 201388148
111904 1715 201388148
76240 1741 258164
96400 1745 258164
96400 1729 33681524
96000 1755 33681524
111904 1751 33681524
96400 1753 100774004
111904 1775 100774004
141344 2199 201437300
111904 1803 201437300
67552 1639 995444
85424 1509 995444
38032 1529 995444
85424 1513 8859764
96400 1405 8859764
112368 1441 8859764
38032 1557 473204
22080 1575 473204
85424 1489 25374836
112368 1417 25374836
76240 1409 25374836
96000 1539 50540660
111904 1535 50540660
111904 1707 553857140
112368 1609 553857140
141504 1531 553857140
85424 1473 58798196
112368 1401 58798196
76240 1393 58798196
111904 1691 587280500
112368 1593 587280500
141504 1515 587280500
76240 1433 50540660
141344 1995 234958964
111904 1599 234958964
141344 1979 436285556
112368 1629 838938740
141504 1551 838938740
96400 1713 838938740
141504 1607 137741021300
96400 1697 100896884
111904 1719 100896884
141344 2143 201560180
111904 1747 201560180
85424 1417 58921076
112368 1345 58921076
76240 1337 58921076
111904 1635 587403380
112368 1537 587403380
141504 1459 587403380
141344 1939 235081844
111904 1543 235081844
141344 1923 436408436
112368 1573 839061620
141504 1495 839061620
96400 1657 839061620
141504 1551 137741144180
96000 1731 258164
114928 1637 4067444
85424 1581 4067444
114928 1437 7213172
96400 1313 13504628
112368 1349 13504628
112368 1549 2152599668
114928 1421 2152599668
155408 1549 2152599668
67552 1523 923252
22080 1355 924788
45056 1699 922996
114928 1441 15077492
112368 1553 2160463988
114928 1425 2160463988
155408 1553 2160463988
67552 1431 13504628
38032 1321 13504628
96000 1259 59117684
111904 1255 59117684
69104 1245 59117684
111904 1427 562434164
112368 1329 562434164
141504 1251 562434164
111904 1379 1619398772
141504 1203 1619398772
96400 1365 1619398772
114928 1289 3230011508
155408 1417 3230011508
85424 1481 3230011508
155408 1413 35442266228
67552 1551 401012
67552 1495 924788
85424 1365 924788
45056 1727 400756
38032 1585 399860
45056 1935 399860
114928 1417 31592564
112368 1529 2176979060
114928 1401 2176979060
155408 1529 2176979060
76240 1317 30019700
67552 1407 30019700
38032 1297 30019700
111904 1355 1635913844
141504 1179 1635913844
114928 1265 3246526580
155408 1393 3246526580
85424 1457 3246526580
155408 1389 35458781300
67552 1367 26087540
85424 1237 26087540
38032 1257 26087540
38032 1285 25565300
22080 1303 25565300
141344 1839 251793524
111904 1443 251793524
141344 1823 453120116
112368 1473 855773300
141504 1395 855773300
141504 1451 137757855860
96000 1595 50565236
35056 1421 50540660
141344 1995 956436596
141504 1623 138261172340
96000 1583 855773300
69104 1569 855773300
114928 1457 3775008884
155408 1585 3775008884
85424 1649 3775008884
155408 1581 35987263604
85424 1449 1635913844
76240 1369 1635913844
155408 1593 103632998516
112368 1473 103632998516
76240 1665 1576692
85424 1625 1576692
114928 1705 3149556
85424 1649 3149556
69104 1413 920820
96400 1325 920820
46768 1425 920820
85424 1393 9178356
96400 1285 9178356
112368 1321 9178356
114928 1649 3673332
85424 1593 3673332
114928 1449 6819060
96400 1325 13110516
112368 1361 13110516
76240 1353 13110516
112368 1561 2152205556
114928 1433 2152205556
155408 1561 2152205556
62848 1871 1052660
92400 1853 1052660
96000 1667 63732
69104 1745 63732
96000 1755 112884
76240 1537 211188
96400 1541 211188
96400 1525 33634548
96000 1551 33634548
111904 1547 33634548
96000 1699 235764
96400 1469 33757428
96000 1495 33757428
111904 1491 33757428
35056 1525 211188
67552 1495 923892
85424 1365 923892
38032 1385 923892
85424 1369 8788212
96400 1261 8788212
112368 1297 8788212
85424 1345 25303284
112368 1273 25303284
76240 1265 25303284
96000 1395 50469108
111904 1391 50469108
69104 1381 50469108
111904 1563 553785588
112368 1465 553785588
141504 1387 553785588
96000 1703 493812
96400 1473 34015476
96000 1499 34015476
111904 1495 34015476
46768 1645 469236
35056 1529 469236
85424 1349 25561332
112368 1277 25561332
96000 1399 50727156
111904 1395 50727156
69104 1385 50727156
111904 1567 554043636
112368 1469 554043636
141504 1391 554043636
35056 1577 407796
69104 1657 407796
114928 1737 3934452
85424 1681 3934452
114928 1537 7080180
96400 1413 13371636
112368 1449 13371636
112368 1649 2152466676
114928 1521 2152466676
155408 1649 2152466676
67552 1623 790260
45056 1799 790004
114928 1541 14944500
112368 1653 2160330996
114928 1525 2160330996
155408 1653 2160330996
67552 1531 13371636
38032 1421 13371636
96000 1359 58984692
111904 1355 58984692
69104 1345 58984692
111904 1527 562301172
112368 1429 562301172
141504 1351 562301172
69104 1361 25561332
46768 1373 25561332
111904 1479 1619265780
141504 1303 1619265780
96400 1465 1619265780
114928 1389 3229878516
155408 1517 3229878516
85424 1581 3229878516
155408 1513 35442133236
76240 1849 1574900
85424 1809 1574900
114928 1889 3147764
85424 1833 3147764
35056 1597 15860
69104 1677 15860
69104 1621 138740
76240 1529 138740
96400 1533 138740
69104 1625 396788
96400 1537 396788
46768 1637 396788
67552 1731 790004
85424 1601 790004
85424 1605 8654324
96400 1497 8654324
112368 1533 8654324
69104 1597 919028
96400 1509 919028
46768 1609 919028
85424 1577 9176564
96400 1469 9176564
112368 1505 9176564
46768 1581 790004
114928 1833 3671540
85424 1777 3671540
114928 1633 6817268
96400 1509 13108724
112368 1545 13108724
76240 1537 13108724
112368 1745 2152203764
114928 1617 2152203764
155408 1745 2152203764
76080 2049 1836020
101008 2045 1836020
46864 2141 1836020
92400 2065 5768180
101008 2085 5768180
128368 2181 5768180
46864 2053 1574900
128368 2069 4298114036
155552 2307 4298114036
101008 2109 7341044
128368 2205 7341044
62848 2047 7341044
39728 2069 8180
76080 2029 8180
76080 2033 266228
62848 2087 266228
101008 2029 266228
76080 2005 788468
101008 2001 788468
46864 2097 788468
92400 2221 1574900
92400 2021 4720628
101008 2041 4720628
128368 2137 4720628
